10	10
0 0 20

13          That's no Moon!
25 25 15
0  0  0
0  0  0

-8 10 -30
4

14          Ground
5 5 5
0 0 0
0 0 0

0 1  0
0 -7 0

13          Bottom
15 15 15
0  0  0
0  0  0

0 -4.5 -15
3.5

13          Middle
15 15 15
0  0  0
0  0  0

0 0 -15
2.5

13          Upper
15 15 15
0  0  0
0  0  0

0 3 -15
2

13          Nose
15 10 0
0  0  0
0  0  0

0 3 -12
0.2

13          Left Eye
0 0 0
0  0  0
0  0  0

-1 3.5 -12
0.2

13          Right Eye
0 0 0
0  0  0
0  0  0

1 3.5 -12
0.2

13          Smile
0 0 0
0  0  0
0  0  0

0 2.25 -12
0.1

13          Smile
0 0 0
0  0  0
0  0  0

-0.8 2.5 -12
0.1

13          Smile
0 0 0
0  0  0
0  0  0

0.8 2.5 -12
0.1

13          Smile
0 0 0
0  0  0
0  0  0

-0.4 2.325 -12
0.1

13          Smile
0 0 0
0  0  0
0  0  0

0.4 2.325 -12
0.1
